Partner,TotalVolumeMB,TotalVoiceMinutes,TotalSMS,TotalRevenueUSD,TotalCostUSD,MarginUSD,MarginPct,CountriesCovered
AIS,1245.64,35.42,0,15.28,9.41,5.87,38.42,10
DTAC,2525.62,17.75,16,27.0,19.01,7.99,29.59,13
True,1546.01,24.85,5,17.54,11.12,6.42,36.6,9
Viettel,1705.73,39.99,5,20.35,14.86,5.49,26.98,12
MobiFone,1726.32,52.29,15,21.74,14.92,6.82,31.37,12
VNPT,1734.09,38.92,16,20.76,14.77,5.99,28.85,10
Unitel,4389.72,14.79,10,45.29,32.83,12.46,27.51,12
Celcom,1894.85,14.24,2,20.12,15.59,4.53,22.51,8
Digi,2095.62,31.59,10,23.7,16.17,7.53,31.77,11
Maxis,1728.06,67.55,15,23.0,16.24,6.76,29.39,11
Singtel,1403.71,9.93,8,15.0,10.05,4.95,33.0,11
StarHub,1179.69,37.49,0,14.8,9.69,5.11,34.53,9
Telkomsel,2880.24,13.64,21,30.29,20.86,9.43,31.13,12
XL,3160.57,65.3,15,37.13,28.31,8.82,23.75,10
Smartfren,2409.26,1.34,0,24.2,16.19,8.01,33.1,9
Globe,1658.53,16.14,26,18.43,13.71,4.72,25.61,12
Smart,1547.16,19.14,34,17.69,13.29,4.4,24.87,12
Ooredoo,1125.03,39.73,14,14.72,9.85,4.87,33.08,11
China Mobile,959.96,11.43,8,10.66,7.55,3.11,29.17,7
China Unicom,2628.68,24.6,14,28.52,20.37,8.15,28.58,11
KDDI,1711.14,42.62,23,20.97,16.32,4.65,22.17,9
NTT Docomo,1413.09,5.81,8,14.75,9.02,5.73,38.85,6
SKT,2030.98,39.96,26,24.03,16.9,7.13,29.67,11
Optus,996.46,40.99,12,13.47,9.66,3.81,28.29,8
Telstra,1354.63,10.48,31,15.0,9.3,5.7,38.0,9
EE,1443.53,23.9,8,16.5,12.05,4.45,26.97,11
Orange,2355.19,54.76,37,28.67,21.06,7.61,26.54,12
Deutsche Telekom,1613.27,4.88,14,16.8,11.39,5.41,32.2,6
